{
  "camera_angle_x": 0.6911112070083618,
  "frames": [
    {
      "file_path": "./rgb/0000",
      "rotation": 0,
      "transform_matrix": [
        [
          0.656768262386322,
          0.5670329332351685,
          -0.49712085723876953,
          -8.292641639709473
        ],
        [
          -0.7540925145149231,
          0.49385085701942444,
          -0.43296173214912415,
          -7.868002891540527
        ],
        [
          0.0,
          0.6592305898666382,
          0.7519407868385315,
          14.113764762878418
        ],
        [
          0.0,
          0.0,
          0.0,
          1.0
        ]
      ]
    },
    {
      "file_path": "./rgb/0001",
      "rotation": 0,
      "transform_matrix": [
        [
          0.12615889310836792,
          -0.13784727454185486,
          0.9823858737945557,
          20.911861419677734
        ],
        [
          0.9920100569725037,
          0.01753072999417782,
          -0.12493494898080826,
          -2.326963424682617
        ],
        [
          0.0,
          0.990298330783844,
          0.13895754516124725,
          4.6175432205200195
        ],
        [
          0.0,
          0.0,
          0.0,
          1.0
        ]
      ]
    },
    {
      "file_path": "./rgb/0003",
      "rotation": 0,
      "transform_matrix": [
        [
          0.09667451679706573,
          -0.7423995733261108,
          0.6629456281661987,
          13.19687557220459
        ],
        [
          0.9953160285949707,
          0.07210887223482132,
          -0.06439155340194702,
          -2.093132972717285
        ],
        [
          0.0,
          0.6660654544830322,
          0.7458932995796204,
          11.014945983886719
        ],
        [
          0.0,
          0.0,
          0.0,
          1.0
        ]
      ]
    },
    {
      "file_path": "./rgb/0007",
      "rotation": 0,
      "transform_matrix": [
        [
          0.11075805872678757,
          0.46964216232299805,
          -0.8758817911148071,
          -10.361912727355957
        ],
        [
          -0.9938473701477051,
          0.05233867093920708,
          -0.09761153161525726,
          0.4795475900173187
        ],
        [
          0.0,
          0.8813040852546692,
          0.47254955768585205,
          5.376637935638428
        ],
        [
          0.0,
          0.0,
          0.0,
          1.0
        ]
      ]
    },
    {
      "file_path": "./rgb/0008",
      "rotation": 0,
      "transform_matrix": [
        [
          0.9646790623664856,
          -0.21848048269748688,
          0.14717550575733185,
          2.259061813354492
        ],
        [
          0.26342806220054626,
          0.8000800609588623,
          -0.5389597415924072,
          -7.166437149047852
        ],
        [
          0.0,
          0.5586932897567749,
          0.8293743133544922,
          11.27581787109375
        ],
        [
          0.0,
          0.0,
          0.0,
          1.0
        ]
      ]
    },
    {
      "file_path": "./rgb/0009",
      "rotation": 0,
      "transform_matrix": [
        [
          -0.9913108944892883,
          0.01687712036073208,
          -0.13045257329940796,
          -3.617446184158325
        ],
        [
          -0.13153977692127228,
          -0.12718945741653442,
          0.9831175804138184,
          26.749378204345703
        ],
        [
          0.0,
          0.9917348623275757,
          0.12830430269241333,
          2.707113265991211
        ],
        [
          0.0,
          0.0,
          0.0,
          1.0
        ]
      ]
    },
    {
      "file_path": "./rgb/0011",
      "rotation": 0,
      "transform_matrix": [
        [
          -0.9979597330093384,
          -0.01973411999642849,
          0.06072036176919937,
          2.3012492656707764
        ],
        [
          0.06384667754173279,
          -0.3084554970264435,
          0.9490936994552612,
          15.602270126342773
        ],
        [
          0.0,
          0.9510340690612793,
          0.3090861141681671,
          5.669485092163086
        ],
        [
          0.0,
          0.0,
          0.0,
          1.0
        ]
      ]
    },
    {
      "file_path": "./rgb/0012",
      "rotation": 0,
      "transform_matrix": [
        [
          0.9091151356697083,
          0.09989103674888611,
          -0.40439024567604065,
          -11.284576416015625
        ],
        [
          -0.41654494404792786,
          0.21801355481147766,
          -0.8825873136520386,
          -26.12514305114746
        ],
        [
          0.0,
          0.9708201885223389,
          0.23980852961540222,
          7.493521690368652
        ],
        [
          0.0,
          0.0,
          0.0,
          1.0
        ]
      ]
    },
    {
      "file_path": "./rgb/0013",
      "rotation": 0,
      "transform_matrix": [
        [
          -0.7784371376037598,
          -0.2849571406841278,
          0.5593165755271912,
          4.377880573272705
        ],
        [
          0.6277225613594055,
          -0.3533746600151062,
          0.6936070919036865,
          7.269027233123779
        ],
        [
          0.0,
          0.8910251259803772,
          0.45395398139953613,
          5.485262870788574
        ],
        [
          0.0,
          0.0,
          0.0,
          1.0
        ]
      ]
    },
    {
      "file_path": "./rgb/0014",
      "rotation": 0,
      "transform_matrix": [
        [
          0.5785824656486511,
          0.09526165574789047,
          -0.8100417256355286,
          -15.672503471374512
        ],
        [
          -0.8156238794326782,
          0.06757614761590958,
          -0.5746225714683533,
          -8.754361152648926
        ],
        [
          0.0,
          0.9931558966636658,
          0.11679605394601822,
          2.5243754386901855
        ],
        [
          0.0,
          0.0,
          0.0,
          1.0
        ]
      ]
    },
    {
      "file_path": "./rgb/0015",
      "rotation": 0,
      "transform_matrix": [
        [
          0.6442927718162537,
          -0.5553352236747742,
          0.5258228182792664,
          7.738667011260986
        ],
        [
          0.7647789120674133,
          0.467845618724823,
          -0.4429827034473419,
          -6.116626262664795
        ],
        [
          0.0,
          0.6875487565994263,
          0.7261382341384888,
          10.090941429138184
        ],
        [
          0.0,
          0.0,
          0.0,
          1.0
        ]
      ]
    },
    {
      "file_path": "./rgb/0016",
      "rotation": 0,
      "transform_matrix": [
        [
          0.9681298136711121,
          -0.20518220961093903,
          0.14361386001110077,
          2.425673723220825
        ],
        [
          0.25044894218444824,
          0.7931476831436157,
          -0.5551504492759705,
          -10.041292190551758
        ],
        [
          0.0,
          0.5734256505966187,
          0.8192576169967651,
          10.127632141113281
        ],
        [
          0.0,
          0.0,
          0.0,
          1.0
        ]
      ]
    },
    {
      "file_path": "./rgb/0017",
      "rotation": 0,
      "transform_matrix": [
        [
          0.8935524225234985,
          0.014448598958551884,
          -0.4487263262271881,
          -12.476237297058105
        ],
        [
          -0.4489588737487793,
          0.02875671163201332,
          -0.8930895924568176,
          -25.5286808013916
        ],
        [
          0.0,
          0.9994820356369019,
          0.03218245506286621,
          6.792156219482422
        ],
        [
          0.0,
          0.0,
          0.0,
          1.0
        ]
      ]
    },
    {
      "file_path": "./rgb/0021",
      "rotation": 0,
      "transform_matrix": [
        [
          0.21278677880764008,
          -0.6942646503448486,
          0.6875451803207397,
          13.531530380249023
        ],
        [
          0.9770986437797546,
          0.15119285881519318,
          -0.14972953498363495,
          -2.8444626331329346
        ],
        [
          0.0,
          0.7036599516868591,
          0.7105368971824646,
          11.706415176391602
        ],
        [
          0.0,
          0.0,
          0.0,
          1.0
        ]
      ]
    },
    {
      "file_path": "./rgb/0022",
      "rotation": 0,
      "transform_matrix": [
        [
          0.6827669739723206,
          0.1998552531003952,
          -0.702771008014679,
          -16.237749099731445
        ],
        [
          -0.7306361794471741,
          0.1867613047361374,
          -0.6567274928092957,
          -16.667234420776367
        ],
        [
          0.0,
          0.961861789226532,
          0.27353593707084656,
          11.426087379455566
        ],
        [
          0.0,
          0.0,
          0.0,
          1.0
        ]
      ]
    },
    {
      "file_path": "./rgb/0024",
      "rotation": 0,
      "transform_matrix": [
        [
          -0.6222059726715088,
          0.11658070981502533,
          -0.7741244435310364,
          -16.07371711730957
        ],
        [
          -0.7828536033630371,
          -0.09265744686126709,
          0.6152681112289429,
          10.18120288848877
        ],
        [
          0.0,
          0.9888495802879333,
          0.14891764521598816,
          4.210958957672119
        ],
        [
          0.0,
          0.0,
          0.0,
          1.0
        ]
      ]
    },
    {
      "file_path": "./rgb/0026",
      "rotation": 0,
      "transform_matrix": [
        [
          -0.46473658084869385,
          -0.7943464517593384,
          0.39119505882263184,
          12.069592475891113
        ],
        [
          0.8854489922523499,
          -0.41692054271698,
          0.20532256364822388,
          4.213915824890137
        ],
        [
          0.0,
          0.4418042004108429,
          0.8971115350723267,
          22.505146026611328
        ],
        [
          0.0,
          0.0,
          0.0,
          1.0
        ]
      ]
    },
    {
      "file_path": "./rgb/0029",
      "rotation": 0,
      "transform_matrix": [
        [
          0.9266570806503296,
          0.2924242615699768,
          -0.23620915412902832,
          -3.633406400680542
        ],
        [
          -0.375907838344574,
          0.7208601832389832,
          -0.5822833180427551,
          -6.941781044006348
        ],
        [
          0.0,
          0.6283698081970215,
          0.7779147624969482,
          9.158384323120117
        ],
        [
          0.0,
          0.0,
          0.0,
          1.0
        ]
      ]
    },
    {
      "file_path": "./rgb/0030",
      "rotation": 0,
      "transform_matrix": [
        [
          -0.9989883899688721,
          0.041232917457818985,
          -0.0179442148655653,
          0.9729250073432922
        ],
        [
          -0.04496830701828003,
          -0.9160053730010986,
          0.3986377418041229,
          12.867335319519043
        ],
        [
          0.0,
          0.39904141426086426,
          0.9169328808784485,
          16.212020874023438
        ],
        [
          0.0,
          0.0,
          0.0,
          1.0
        ]
      ]
    },
    {
      "file_path": "./rgb/0031",
      "rotation": 0,
      "transform_matrix": [
        [
          0.9033190608024597,
          -0.19676019251346588,
          0.3811824917793274,
          8.833597183227539
        ],
        [
          0.42896929383277893,
          0.41433554887771606,
          -0.8026900887489319,
          -21.57647132873535
        ],
        [
          0.0,
          0.8886008262634277,
          0.45868128538131714,
          12.214831352233887
        ],
        [
          0.0,
          0.0,
          0.0,
          1.0
        ]
      ]
    },
    {
      "file_path": "./rgb/0034",
      "rotation": 0,
      "transform_matrix": [
        [
          0.15253527462482452,
          -0.26984918117523193,
          0.9507441520690918,
          14.972309112548828
        ],
        [
          0.9882979989051819,
          0.04164889082312584,
          -0.1467391550540924,
          -0.5346278548240662
        ],
        [
          0.0,
          0.9620014429092407,
          0.2730443477630615,
          6.626673221588135
        ],
        [
          0.0,
          0.0,
          0.0,
          1.0
        ]
      ]
    },
    {
      "file_path": "./rgb/0037",
      "rotation": 0,
      "transform_matrix": [
        [
          0.9451941847801208,
          -0.07808971405029297,
          0.31703299283981323,
          5.211517333984375
        ],
        [
          0.32650867104530334,
          0.22605815529823303,
          -0.9177634716033936,
          -11.112258911132812
        ],
        [
          0.0,
          0.9709787368774414,
          0.23916582763195038,
          4.466177940368652
        ],
        [
          0.0,
          0.0,
          0.0,
          1.0
        ]
      ]
    },
    {
      "file_path": "./rgb/0038",
      "rotation": 0,
      "transform_matrix": [
        [
          -0.5901911854743958,
          0.1753595471382141,
          -0.7879869341850281,
          -19.616390228271484
        ],
        [
          -0.8072634935379028,
          -0.1282055526971817,
          0.5760980844497681,
          14.25778865814209
        ],
        [
          0.0,
          0.9761210680007935,
          0.21722714602947235,
          2.616156578063965
        ],
        [
          0.0,
          0.0,
          0.0,
          1.0
        ]
      ]
    },
    {
      "file_path": "./rgb/0039",
      "rotation": 0,
      "transform_matrix": [
        [
          -0.9906811118125916,
          -0.03291270136833191,
          0.13216529786586761,
          1.2760138511657715
        ],
        [
          0.13620172441005707,
          -0.23939484357833862,
          0.9613215923309326,
          15.223254203796387
        ],
        [
          0.0,
          0.9703642725944519,
          0.24164670705795288,
          3.2288122177124023
        ],
        [
          0.0,
          0.0,
          0.0,
          1.0
        ]
      ]
    },
    {
      "file_path": "./rgb/0040",
      "rotation": 0,
      "transform_matrix": [
        [
          0.3199824094772339,
          -0.07107238471508026,
          0.9447539448738098,
          12.808456420898438
        ],
        [
          0.9474234580993652,
          0.024003956466913223,
          -0.31908079981803894,
          -4.455066204071045
        ],
        [
          0.0,
          0.997182309627533,
          0.07501649111509323,
          3.4471569061279297
        ],
        [
          0.0,
          0.0,
          0.0,
          1.0
        ]
      ]
    },
    {
      "file_path": "./rgb/0043",
      "rotation": 0,
      "transform_matrix": [
        [
          -0.6651931405067444,
          0.17898081243038177,
          -0.7249027490615845,
          -16.387191772460938
        ],
        [
          -0.7466713786125183,
          -0.15945008397102356,
          0.6457999348640442,
          16.89555549621582
        ],
        [
          0.0,
          0.9708457589149475,
          0.2397049516439438,
          9.735295295715332
        ],
        [
          0.0,
          0.0,
          0.0,
          1.0
        ]
      ]
    },
    {
      "file_path": "./rgb/0046",
      "rotation": 0,
      "transform_matrix": [
        [
          -0.3138650357723236,
          0.7631904482841492,
          -0.5648266077041626,
          -14.01042366027832
        ],
        [
          -0.9494675993919373,
          -0.25228750705718994,
          0.18671445548534393,
          2.3296256065368652
        ],
        [
          0.0,
          0.5948876738548279,
          0.8038088083267212,
          20.925457000732422
        ],
        [
          0.0,
          0.0,
          0.0,
          1.0
        ]
      ]
    },
    {
      "file_path": "./rgb/0047",
      "rotation": 0,
      "transform_matrix": [
        [
          -0.9447351098060608,
          -0.10313189774751663,
          0.3111903667449951,
          7.2536163330078125
        ],
        [
          0.32783475518226624,
          -0.2971994876861572,
          0.8967702388763428,
          21.681596755981445
        ],
        [
          0.0,
          0.9492293000221252,
          0.31458500027656555,
          5.629337310791016
        ],
        [
          0.0,
          0.0,
          0.0,
          1.0
        ]
      ]
    },
    {
      "file_path": "./rgb/0048",
      "rotation": 0,
      "transform_matrix": [
        [
          0.8056265711784363,
          0.28227734565734863,
          -0.5208505988121033,
          -7.4720330238342285
        ],
        [
          -0.5924237370491028,
          0.38386398553848267,
          -0.7082955241203308,
          -11.199567794799805
        ],
        [
          0.0,
          0.8791859745979309,
          0.47647881507873535,
          7.064188480377197
        ],
        [
          0.0,
          0.0,
          0.0,
          1.0
        ]
      ]
    },
    {
      "file_path": "./rgb/0049",
      "rotation": 0,
      "transform_matrix": [
        [
          0.44503021240234375,
          -0.4755363464355469,
          0.7588236331939697,
          11.754302978515625
        ],
        [
          0.8955155611038208,
          0.23631979525089264,
          -0.3771005868911743,
          -6.635104179382324
        ],
        [
          0.0,
          0.8473594784736633,
          0.5310196280479431,
          11.562443733215332
        ],
        [
          0.0,
          0.0,
          0.0,
          1.0
        ]
      ]
    },
    {
      "file_path": "./rgb/0050",
      "rotation": 0,
      "transform_matrix": [
        [
          -0.45750048756599426,
          -0.22425657510757446,
          0.8604663014411926,
          19.987016677856445
        ],
        [
          0.8892093896865845,
          -0.11538057774305344,
          0.44271212816238403,
          11.872696876525879
        ],
        [
          0.0,
          0.9676757454872131,
          0.2521977126598358,
          2.0388050079345703
        ],
        [
          0.0,
          0.0,
          0.0,
          1.0
        ]
      ]
    },
    {
      "file_path": "./rgb/0052",
      "rotation": 0,
      "transform_matrix": [
        [
          0.6321263909339905,
          -0.4762060344219208,
          0.6112642884254456,
          8.797483444213867
        ],
        [
          0.7748652696609497,
          0.38848352432250977,
          -0.498662531375885,
          -7.932798385620117
        ],
        [
          0.0,
          0.7888652086257935,
          0.6145662069320679,
          8.888943672180176
        ],
        [
          0.0,
          0.0,
          0.0,
          1.0
        ]
      ]
    },
    {
      "file_path": "./rgb/0053",
      "rotation": 0,
      "transform_matrix": [
        [
          0.9828060865402222,
          0.10520248860120773,
          -0.15173888206481934,
          -4.613121509552002
        ],
        [
          -0.18464086949825287,
          0.5599715709686279,
          -0.8076754212379456,
          -20.897377014160156
        ],
        [
          0.0,
          0.821805477142334,
          0.5697681903839111,
          13.895159721374512
        ],
        [
          0.0,
          0.0,
          0.0,
          1.0
        ]
      ]
    },
    {
      "file_path": "./rgb/0054",
      "rotation": 0,
      "transform_matrix": [
        [
          0.7619278430938721,
          -0.5082748532295227,
          0.40140092372894287,
          10.910843849182129
        ],
        [
          0.6476619243621826,
          0.5979488492012024,
          -0.4722193777561188,
          -13.244701385498047
        ],
        [
          0.0,
          0.6197692155838013,
          0.7847841382026672,
          21.61297607421875
        ],
        [
          0.0,
          0.0,
          0.0,
          1.0
        ]
      ]
    },
    {
      "file_path": "./rgb/0055",
      "rotation": 0,
      "transform_matrix": [
        [
          -0.16042891144752502,
          0.5423451066017151,
          -0.8246964812278748,
          -20.76926612854004
        ],
        [
          -0.9870473742485046,
          -0.08814959973096848,
          0.13404133915901184,
          3.994873523712158
        ],
        [
          0.0,
          0.8355186581611633,
          0.549462080001831,
          16.42403793334961
        ],
        [
          0.0,
          0.0,
          0.0,
          1.0
        ]
      ]
    },
    {
      "file_path": "./rgb/0056",
      "rotation": 0,
      "transform_matrix": [
        [
          0.8302077651023865,
          0.2704279124736786,
          -0.4874667227268219,
          -9.84683895111084
        ],
        [
          -0.5574541091918945,
          0.4027441143989563,
          -0.7259766459465027,
          -11.940616607666016
        ],
        [
          0.0,
          0.8744518160820007,
          0.48511242866516113,
          7.146646022796631
        ],
        [
          0.0,
          0.0,
          0.0,
          1.0
        ]
      ]
    },
    {
      "file_path": "./rgb/0060",
      "rotation": 0,
      "transform_matrix": [
        [
          -0.35110217332839966,
          0.030252331867814064,
          -0.9358482956886292,
          -25.50191307067871
        ],
        [
          -0.9363371729850769,
          -0.011343840509653091,
          0.35091885924339294,
          5.97923469543457
        ],
        [
          0.0,
          0.9994779229164124,
          0.03230923041701317,
          3.5577518939971924
        ],
        [
          0.0,
          0.0,
          0.0,
          1.0
        ]
      ]
    },
    {
      "file_path": "./rgb/0061",
      "rotation": 0,
      "transform_matrix": [
        [
          -0.22976787388324738,
          0.028652384877204895,
          -0.9728236198425293,
          -15.479090690612793
        ],
        [
          -0.9732454419136047,
          -0.006764375139027834,
          0.2296682745218277,
          4.818125247955322
        ],
        [
          0.0,
          0.9995665550231934,
          0.02944003790616989,
          2.3631982803344727
        ],
        [
          0.0,
          0.0,
          0.0,
          1.0
        ]
      ]
    },
    {
      "file_path": "./rgb/0062",
      "rotation": 0,
      "transform_matrix": [
        [
          -0.97222900390625,
          0.11068259924650192,
          -0.2062041163444519,
          -2.303946018218994
        ],
        [
          -0.2340315729379654,
          -0.45980480313301086,
          0.8566263914108276,
          10.238770484924316
        ],
        [
          0.0,
          0.881095290184021,
          0.47293877601623535,
          4.743024826049805
        ],
        [
          0.0,
          0.0,
          0.0,
          1.0
        ]
      ]
    },
    {
      "file_path": "./rgb/0063",
      "rotation": 0,
      "transform_matrix": [
        [
          0.9166842103004456,
          0.19715049862861633,
          -0.3475942611694336,
          -10.718438148498535
        ],
        [
          -0.3996124267578125,
          0.45225006341934204,
          -0.797357976436615,
          -22.943777084350586
        ],
        [
          0.0,
          0.869828462600708,
          0.49335429072380066,
          15.260210037231445
        ],
        [
          0.0,
          0.0,
          0.0,
          1.0
        ]
      ]
    },
    {
      "file_path": "./rgb/0064",
      "rotation": 0,
      "transform_matrix": [
        [
          -0.9998948574066162,
          -0.005816705524921417,
          0.013284793123602867,
          -0.4806409478187561
        ],
        [
          0.014502406120300293,
          -0.4010433554649353,
          0.9159442782402039,
          19.136213302612305
        ],
        [
          0.0,
          0.9160405993461609,
          0.4010855257511139,
          6.904451370239258
        ],
        [
          0.0,
          0.0,
          0.0,
          1.0
        ]
      ]
    },
    {
      "file_path": "./rgb/0065",
      "rotation": 0,
      "transform_matrix": [
        [
          0.35722625255584717,
          -0.8412175178527832,
          0.40588486194610596,
          10.426496505737305
        ],
        [
          0.9340178966522217,
          0.32173365354537964,
          -0.15523548424243927,
          -4.392265319824219
        ],
        [
          0.0,
          0.4345579147338867,
          0.9006438851356506,
          22.661762237548828
        ],
        [
          0.0,
          0.0,
          0.0,
          1.0
        ]
      ]
    },
    {
      "file_path": "./rgb/0066",
      "rotation": 0,
      "transform_matrix": [
        [
          0.9933295845985413,
          -0.09949479252099991,
          0.05828501284122467,
          2.1246590614318848
        ],
        [
          0.11530982702970505,
          0.8570919036865234,
          -0.502092719078064,
          -10.210474967956543
        ],
        [
          0.0,
          0.5054643750190735,
          0.8628474473953247,
          20.374601364135742
        ],
        [
          0.0,
          0.0,
          0.0,
          1.0
        ]
      ]
    },
    {
      "file_path": "./rgb/0067",
      "rotation": 0,
      "transform_matrix": [
        [
          -0.8631954789161682,
          0.45054590702056885,
          -0.22781997919082642,
          -3.8680717945098877
        ],
        [
          -0.504869818687439,
          -0.7703157663345337,
          0.3895126283168793,
          5.538957118988037
        ],
        [
          0.0,
          0.451244980096817,
          0.8924000859260559,
          14.128867149353027
        ],
        [
          0.0,
          0.0,
          0.0,
          1.0
        ]
      ]
    },
    {
      "file_path": "./rgb/0068",
      "rotation": 0,
      "transform_matrix": [
        [
          -0.08278372883796692,
          0.38617387413978577,
          -0.9187037348747253,
          -24.02813148498535
        ],
        [
          -0.9965675473213196,
          -0.032079026103019714,
          0.07631567120552063,
          -0.20941704511642456
        ],
        [
          0.0,
          0.9218680262565613,
          0.387503981590271,
          12.775177001953125
        ],
        [
          0.0,
          0.0,
          0.0,
          1.0
        ]
      ]
    },
    {
      "file_path": "./rgb/0069",
      "rotation": 0,
      "transform_matrix": [
        [
          -0.17738206684589386,
          -0.6764789819717407,
          0.7147809267044067,
          14.983977317810059
        ],
        [
          0.9841420650482178,
          -0.12192878127098083,
          0.12883234024047852,
          3.2377402782440186
        ],
        [
          0.0,
          0.7262985706329346,
          0.6873793601989746,
          16.043804168701172
        ],
        [
          0.0,
          0.0,
          0.0,
          1.0
        ]
      ]
    },
    {
      "file_path": "./rgb/0071",
      "rotation": 0,
      "transform_matrix": [
        [
          0.3663041591644287,
          -0.6334044337272644,
          0.6816304326057434,
          17.719562530517578
        ],
        [
          0.9304951429367065,
          0.2493496984243393,
          -0.26833462715148926,
          -6.476020336151123
        ],
        [
          0.0,
          0.7325459122657776,
          0.6807176470756531,
          18.856006622314453
        ],
        [
          0.0,
          0.0,
          0.0,
          1.0
        ]
      ]
    },
    {
      "file_path": "./rgb/0072",
      "rotation": 0,
      "transform_matrix": [
        [
          0.8911828994750977,
          0.2549501061439514,
          -0.37522462010383606,
          -7.38997745513916
        ],
        [
          -0.4536442160606384,
          0.5008488297462463,
          -0.7371277809143066,
          -10.976420402526855
        ],
        [
          0.0,
          0.8271341919898987,
          0.5620045065879822,
          7.094877243041992
        ],
        [
          0.0,
          0.0,
          0.0,
          1.0
        ]
      ]
    },
    {
      "file_path": "./rgb/0073",
      "rotation": 0,
      "transform_matrix": [
        [
          0.2813706696033478,
          -0.7490084767341614,
          0.5998473763465881,
          15.557676315307617
        ],
        [
          0.9595991373062134,
          0.2196219265460968,
          -0.1758853793144226,
          -4.378093242645264
        ],
        [
          0.0,
          0.6251019835472107,
          0.7805430889129639,
          23.053274154663086
        ],
        [
          0.0,
          0.0,
          0.0,
          1.0
        ]
      ]
    },
    {
      "file_path": "./rgb/0074",
      "rotation": 0,
      "transform_matrix": [
        [
          0.482637494802475,
          -0.5723477005958557,
          0.6629322171211243,
          6.913849353790283
        ],
        [
          0.8758202195167542,
          0.31540316343307495,
          -0.36532148718833923,
          -4.429933071136475
        ],
        [
          0.0,
          0.7569273114204407,
          0.6534991264343262,
          7.943351745605469
        ],
        [
          0.0,
          0.0,
          0.0,
          1.0
        ]
      ]
    },
    {
      "file_path": "./rgb/0075",
      "rotation": 0,
      "transform_matrix": [
        [
          0.287568062543869,
          -0.23823200166225433,
          0.9276584386825562,
          18.692182540893555
        ],
        [
          0.957760214805603,
          0.07152929902076721,
          -0.27852997183799744,
          -6.031683921813965
        ],
        [
          0.0,
          0.9685706496238708,
          0.24873867630958557,
          9.231671333312988
        ],
        [
          0.0,
          0.0,
          0.0,
          1.0
        ]
      ]
    },
    {
      "file_path": "./rgb/0077",
      "rotation": 0,
      "transform_matrix": [
        [
          0.9676303267478943,
          0.09180688858032227,
          -0.23508085310459137,
          -3.8675589561462402
        ],
        [
          -0.25237178802490234,
          0.35200104117393494,
          -0.9013344049453735,
          -20.58704948425293
        ],
        [
          0.0,
          0.9314863085746765,
          0.3637763559818268,
          10.274299621582031
        ],
        [
          0.0,
          0.0,
          0.0,
          1.0
        ]
      ]
    },
    {
      "file_path": "./rgb/0078",
      "rotation": 0,
      "transform_matrix": [
        [
          -0.954758882522583,
          0.27741798758506775,
          -0.10712019354104996,
          -3.0914816856384277
        ],
        [
          -0.2973810136318207,
          -0.8906663656234741,
          0.34391555190086365,
          7.518345355987549
        ],
        [
          0.0,
          0.36021193861961365,
          0.9328705072402954,
          16.10010528564453
        ],
        [
          0.0,
          0.0,
          0.0,
          1.0
        ]
      ]
    },
    {
      "file_path": "./rgb/0079",
      "rotation": 0,
      "transform_matrix": [
        [
          0.3897382616996765,
          -0.18775644898414612,
          0.9015828371047974,
          10.416109085083008
        ],
        [
          0.9209256768226624,
          0.0794590413570404,
          -0.3815523386001587,
          -4.067870616912842
        ],
        [
          0.0,
          0.9789963364601135,
          0.20387795567512512,
          2.212709903717041
        ],
        [
          0.0,
          0.0,
          0.0,
          1.0
        ]
      ]
    },
    {
      "file_path": "./rgb/0081",
      "rotation": 0,
      "transform_matrix": [
        [
          -0.534274160861969,
          -0.5902398824691772,
          0.6051181554794312,
          12.761116027832031
        ],
        [
          0.8453112244606018,
          -0.3730577528476715,
          0.3824614882469177,
          10.312902450561523
        ],
        [
          0.0,
          0.7158524990081787,
          0.6982515454292297,
          14.356823921203613
        ],
        [
          0.0,
          0.0,
          0.0,
          1.0
        ]
      ]
    },
    {
      "file_path": "./rgb/0082",
      "rotation": 0,
      "transform_matrix": [
        [
          0.9145914316177368,
          -0.14692600071430206,
          0.37674304842948914,
          8.516462326049805
        ],
        [
          0.4043792486190796,
          0.33230504393577576,
          -0.8520861268043518,
          -16.914417266845703
        ],
        [
          0.0,
          0.9316577315330505,
          0.3633371591567993,
          8.21362590789795
        ],
        [
          0.0,
          0.0,
          0.0,
          1.0
        ]
      ]
    },
    {
      "file_path": "./rgb/0083",
      "rotation": 0,
      "transform_matrix": [
        [
          0.9693968892097473,
          -0.2203650027513504,
          0.10820772498846054,
          1.1897331476211548
        ],
        [
          0.24549877643585205,
          0.8701516389846802,
          -0.4272780120372772,
          -5.199931621551514
        ],
        [
          0.0,
          0.4407668709754944,
          0.8976216316223145,
          9.622613906860352
        ],
        [
          0.0,
          0.0,
          0.0,
          1.0
        ]
      ]
    },
    {
      "file_path": "./rgb/0084",
      "rotation": 0,
      "transform_matrix": [
        [
          0.9183290600776672,
          -0.20440520346164703,
          0.33895471692085266,
          4.699695110321045
        ],
        [
          0.3958178758621216,
          0.4742363691329956,
          -0.7864019870758057,
          -13.740663528442383
        ],
        [
          0.0,
          0.8563401103019714,
          0.5164122581481934,
          12.006146430969238
        ],
        [
          0.0,
          0.0,
          0.0,
          1.0
        ]
      ]
    },
    {
      "file_path": "./rgb/0086",
      "rotation": 0,
      "transform_matrix": [
        [
          0.7933946847915649,
          -0.43984100222587585,
          0.4207906723022461,
          5.949469566345215
        ],
        [
          0.6087075471878052,
          0.5732925534248352,
          -0.5484622120857239,
          -8.025500297546387
        ],
        [
          0.0,
          0.6912854313850403,
          0.7225818037986755,
          15.967717170715332
        ],
        [
          0.0,
          0.0,
          0.0,
          1.0
        ]
      ]
    },
    {
      "file_path": "./rgb/0087",
      "rotation": 0,
      "transform_matrix": [
        [
          0.9506297707557678,
          0.14827892184257507,
          -0.27261030673980713,
          -6.863101482391357
        ],
        [
          -0.3103272616863251,
          0.4542248547077179,
          -0.8350908756256104,
          -23.3040714263916
        ],
        [
          0.0,
          0.8784606456756592,
          0.477814644575119,
          14.091387748718262
        ],
        [
          0.0,
          0.0,
          0.0,
          1.0
        ]
      ]
    },
    {
      "file_path": "./rgb/0088",
      "rotation": 0,
      "transform_matrix": [
        [
          -0.06702858209609985,
          -0.4522647261619568,
          0.8893614411354065,
          12.756245613098145
        ],
        [
          0.9977510571479797,
          -0.030382992699742317,
          0.05974700301885605,
          0.5914950966835022
        ],
        [
          0.0,
          0.8913660645484924,
          0.4532841444015503,
          8.220918655395508
        ],
        [
          0.0,
          0.0,
          0.0,
          1.0
        ]
      ]
    },
    {
      "file_path": "./rgb/0089",
      "rotation": 0,
      "transform_matrix": [
        [
          0.7398764491081238,
          0.5151415467262268,
          -0.43268004059791565,
          -4.6779913902282715
        ],
        [
          -0.6727427840232849,
          0.5665480494499207,
          -0.4758576452732086,
          -5.887827396392822
        ],
        [
          0.0,
          0.6431582570075989,
          0.7657333016395569,
          7.931949138641357
        ],
        [
          0.0,
          0.0,
          0.0,
          1.0
        ]
      ]
    },
    {
      "file_path": "./rgb/0090",
      "rotation": 0,
      "transform_matrix": [
        [
          -0.5683742761611938,
          -0.009773589670658112,
          0.8227120637893677,
          13.613297462463379
        ],
        [
          0.8227701187133789,
          -0.006751651410013437,
          0.56833416223526,
          10.116872787475586
        ],
        [
          0.0,
          0.9999294281005859,
          0.01187888253480196,
          2.1976053714752197
        ],
        [
          0.0,
          0.0,
          0.0,
          1.0
        ]
      ]
    },
    {
      "file_path": "./rgb/0091",
      "rotation": 0,
      "transform_matrix": [
        [
          -0.6216656565666199,
          0.6551721096038818,
          -0.42928001284599304,
          -12.724413871765137
        ],
        [
          -0.7832826972007751,
          -0.519988477230072,
          0.34070539474487305,
          7.594137668609619
        ],
        [
          0.0,
          0.5480524301528931,
          0.8364439606666565,
          19.538766860961914
        ],
        [
          0.0,
          0.0,
          0.0,
          1.0
        ]
      ]
    },
    {
      "file_path": "./rgb/0095",
      "rotation": 0,
      "transform_matrix": [
        [
          -0.6476000547409058,
